WorldSpace 0.3
ViewDistance 5.0
AmbientLight 0.2 0.2 0.2
BackgroundColor 0.1 0.1 0.1

Light
Area
4
2.0 5.0 -5.0
2.0 3.0 -7.0
4.0 3.0 -7.0
4.0 5.0 -5.0
1.5 1.5 1.5

Object
Polygon
4
-10.0 4.0 10.0
10.0 4.0 10.0
10.0 -4.0 -6.0
-10.0 -4.0 -6.0

0.7 0.2 0.1
0.1 0.8 0.1
1.0 1.0 1.0
4.0 0.0 0.0 1.0

Object
Polygon
4
-0.2 0.2 0.2
0.2 0.2 0.2
0.2 -0.2 -0.2
-0.2 -0.2 -0.2

0.7 0.2 0.1
0.0 0.0 0.8
1.0 1.0 1.0
4.0 0.0 0.0 1.0

Object
Sphere
0.0 0.0 0.0 0.4
0.7 0.2 0.1
0.0 0.0 0.8
1.0 1.0 1.0
4.0 0.0 0.0 1.0
