WorldSpace 0.3
ViewDistance 5.0
AmbientLight 0.2 0.2 0.2
BackgroundColor 0.1 0.1 0.1

Light
Directional
-1.0 -1.0 1.0
1.0 1.0 1.0

# redish sphere
Object
Sphere
0.4 -0.1 6.5 0.4
0.7 0.2 0.1
1.0 0.3 0.3
1.0 1.0 1.0
16.0 0.0 0.0 1.0

Object
Polygon
4
-10.0 -3.0 -1.0
-10.0 0.0 15.0
10.0 0.0 15.0
10.0 -3.0 -1.0

0.5 0.2 0.3
0.2 0.6 0.2
1.0 1.0 1.0
4.0 0.0 0.0 1.0

# front face
Object
Polygon
4
-0.8 1.0 3.0
1.2 1.0 3.5
1.2 -1.0 3.5
-0.8 -1.0 3.0

0.7 0.2 0.1
0.1 0.1 1.0
1.0 1.0 1.0
4.0 0.0 0.9 1.5

# back face
Object
Polygon
4
-1.1 1.0 3.5
-1.1 -1.0 3.5
0.9 -1.0 4.0
0.9 1.0 4.0

0.7 0.2 0.1
0.1 0.1 1.0
1.0 1.0 1.0
4.0 0.0 0.9 1.5

# top face
Object
Polygon
4
-1.1 1.0 3.5
0.9 1.0 4.0
1.2 1.0 3.5
-0.8 1.0 3.0

0.7 0.2 0.1
0.1 0.1 1.0
1.0 1.0 1.0
4.0 0.0 0.9 1.5

# bottom face
Object
Polygon
4
-1.1 -1.0 3.5
-0.8 -1.0 3.0
1.2 -1.0 3.5
0.9 -1.0 4.0

0.7 0.2 0.1
0.1 0.1 1.0
1.0 1.0 1.0
4.0 0.0 0.9 1.5

# left face
Object
Polygon
4
-1.1 -1.0 3.5
-1.1 1.0 3.5
-0.8 1.0 3.0
-0.8 -1.0 3.0

0.7 0.2 0.1
0.1 0.1 1.0
1.0 1.0 1.0
4.0 0.0 0.9 1.5

# right face
Object
Polygon
4
1.2 -1.0 3.5
1.2 1.0 3.5
0.9 1.0 4.0
0.9 -1.0 4.0

0.7 0.2 0.1
0.1 0.1 1.0
1.0 1.0 1.0
4.0 0.0 0.9 1.5
