WorldSpace 0.1
ViewDistance 3.0

AmbientLight 0.1 0.1 0.1
BackgroundColor 0.2 0.2 0.2

Light
Directional
-1.0 -1.0 1.0
1.0 1.0 1.0

Object
Sphere
0.0 0.0 0.1 0.05
0.3 0.6 0.1
0.8 0.0 0.8
1.0 1.0 1.0
4.0 0.0 0.0 1.0

# green square 1
Object
Polygon
4
0.0 -0.15 -0.1 
-0.15 -0.1 0.0 
-0.15 0.1 0.0
0.0 0.05 -0.1

0.7 0.2 0.1
0.1 0.8 0.1
1.0 1.0 1.0
4.0 0.0 0.8 1.0

# green square 2
Object
Polygon
4
0.0 -0.15 -0.1
0.0 0.05 -0.1
0.15 0.1 0.0
0.15 -0.1 0.0

0.7 0.2 0.1
0.1 0.8 0.1
1.0 1.0 1.0
4.0 0.0 0.8 1.0

# green square 3
Object
Polygon
4
-0.15 0.1 0.0
0.0 0.15 0.1
0.0 -0.05 0.1
-0.15 -0.1 0.0

0.7 0.2 0.1
0.1 0.8 0.1
1.0 1.0 1.0
4.0 0.0 0.8 1.0

# green square 4
Object
Polygon
4
0.0 0.15 0.1
0.15 0.1 0.0
0.15 -0.1 0.0
0.0 -0.05 0.1

0.7 0.2 0.1
0.1 0.8 0.1
1.0 1.0 1.0
4.0 0.0 0.8 1.0

# green square 5
Object
Polygon
4
0.0 0.05 -0.1
-0.15 0.1 0.0
0.0 0.15 0.1
0.15 0.1 0.0

0.7 0.2 0.1
0.1 0.8 0.1
1.0 1.0 1.0
4.0 0.0 0.8 1.0

# green square 6
Object
Polygon
4
0.0 -0.15 -0.1
-0.15 -0.1 0.0
0.0 -0.05 0.1
0.15 -0.1 0.0

0.7 0.2 0.1
0.1 0.8 0.1
1.0 1.0 1.0
4.0 0.0 0.8 1.0