WorldSpace 0.3
ViewDistance 4.5
AmbientLight 0.2 0.2 0.2
BackgroundColor 0.0 0.0 0.0

Light
Point
0.0 0.0 -3.0
1.0 1.0 1.0

Object
Texture
aoe
-0.6 0.5 -2.0
0.6 0.5 -2.0
0.6 -0.4 -2.0
-0.6 -0.4 -2.0
0.7 0.2 0.1
0.0 0.0 0.0
0.0 0.0 0.0
4.0 0.5 0.0 1.0

Object
Polygon
4
-0.65 0.55 -1.99
0.65 0.55 -1.99
0.65 -0.45 -1.99
-0.65 -0.45 -1.99
0.7 0.2 0.1
0.0 0.0 0.0
1.0 1.0 1.0
4.0 0.5 0.0 1.0

Object
Polygon
4
-0.65 -0.45 -1.99
0.65 -0.45 -1.99
0.65 -0.45 -5.0
-0.65 -0.45 -5.0
0.7 0.2 0.1
0.0 0.0 0.0
1.0 1.0 1.0
4.0 0.5 0.0 1.0

Object
Polygon
4
-0.65 0.55 -5.0
-0.65 0.55 -1.99
-0.65 -0.45 -1.99
-0.65 -0.45 -5.0
0.7 0.2 0.1
0.0 0.0 0.0
1.0 1.0 1.0
4.0 0.5 0.0 1.0

Object
Polygon
4
-0.65 0.55 -5.0
0.65 0.55 -5.0
0.65 0.55 -1.99
-0.65 0.55 -1.99
0.7 0.2 0.1
0.0 0.0 0.0
1.0 1.0 1.0
4.0 0.5 0.0 1.0

Object
Polygon
4
0.65 0.55 -1.99
0.65 0.55 -5.0
0.65 -0.45 -5.0
0.65 -0.45 -1.99
0.7 0.2 0.1
0.0 0.0 0.0
1.0 1.0 1.0
4.0 0.5 0.0 1.0
