WorldSpace 0.3
ViewDistance 5.0
AmbientLight 0.2 0.2 0.2
BackgroundColor 0.1 0.1 0.1

Light
Point
1.8 1.9 2.5
1.0 1.0 1.0

Object
Texture
nighthawks
0.3 1.45 3.9599
2.8673352 1.45 3.9599
2.8673352 0.05 3.9599
0.3 0.05 3.9599
0.7 0.2 0.1
0.0 0.0 0.0
0.0 0.0 0.0
4.0 0.0 0.0 1.0

Object
Polygon
4
-1.5 3.0 4.0
4.5 3.0 4.0
4.5 -1.5 4.0
-1.5 -1.5 4.0
0.7 0.2 0.1
0.8 0.8 0.515686
1.0 1.0 1.0
4.0 0.0 0.0 1.0

Object
Polygon
4
-1.5 -1.5 -10.0
-1.5 3.0 -10.0
-1.5 3.0 4.0
-1.5 -1.5 4.0
0.7 0.2 0.1
0.8 0.8 0.515686
1.0 1.0 1.0
4.0 0.0 0.0 1.0

Object
Polygon
4
-1.5 -1.5 4.0
4.5 -1.5 4.0
4.5 -1.5 -10.0
-1.5 -1.5 -10.0
0.7 0.2 0.1
0.460784 0.292157 0.0
1.0 1.0 1.0
4.0 0.0 0.0 1.0

Object
Polygon
4
0.25 1.5 3.96
2.9173352 1.5 3.96
2.9173352 0.0 3.96
0.25 0.0 3.96
0.7 0.2 0.1
0.3 0.25 0.1
1.0 1.0 1.0
1.0 0.0 0.0 1.0
