WorldSpace 0.3
ViewDistance 3.0

AmbientLight 0.1 0.1 0.1
BackgroundColor 0.0 0.05 0.2

Light
Directional
-1.0 -1.0 1.0
1.0 1.0 1.0

Object
Sphere
-0.5 -0.5 0.1 0.25
0.7 0.2 0.1
0.0 0.9 0.9
1.0 1.0 1.0
4.0 0.1 0.1 1.333

Object
Sphere
-0.25 0.5 0.1 0.15
0.7 0.2 0.1
0.0 0.4 0.9
1.0 1.0 1.0
4.0 0.1 0.1 1.333

Object
Sphere
0.5 -0.37 -0.4 0.3
0.7 0.2 0.1
0.0 0.9 0.4
1.0 1.0 1.0
4.0 0.1 0.4 1.0


Object
Sphere
0.7 0.2 -0.3 0.1
0.7 0.2 0.1
0.0 0.7 0.7
1.0 1.0 1.0
4.0 0.1 0.1 1.333

Object
Sphere
0.75 0.0 0.6 0.13
0.7 0.2 0.1
0.0 0.7 0.9
1.0 1.0 1.0
4.0 0.1 0.1 1.333

Object
Sphere
-0.25 -0.1 0.5 0.2
0.7 0.2 0.1
0.0 0.9 0.7
1.0 1.0 1.0
4.0 0.1 0.1 1.333

Object
Polygon
4
-5.0 -1.0 -5.0
-10.0 -1.0 5.0
10.0 -1.0 5.0
5.0 -1.0 -5.0

0.7 0.2 0.1
0.0 0.9 0.9
1.0 1.0 1.0
4.0 0.1 0.1 1.333

Light
Point
2.15 1.35 1.6
1.0 1.0 0.0

Object
Sphere
2.4 1.6 1.6 0.3
0.7 0.2 0.1
0.9 0.9 0.0
1.0 1.0 1.0
4.0 0.0 1.0 1.0